!data = 8569150;
data = 2805892;
prom = [63680, 40960, 63711, 1240, 26624, 10241, 53521, 61440];
prom2 = [0, 40127, 36924, 23317, 23282, 33464, 28312, 53521, 61440];

dt = data - prom(6) * 256;
temperature = 2000 + dt * prom(7) / 8388608;

dt2 = data - prom2(6) * 256;
temperature2 = 2000 + dt2 * prom2(7) / 8388608;

off = (10240 * 65536) + (63711 * 7905958 / 128);
sens = (26624 * 32768) + (53515 * 7905958 / 256);